note_id,outlink_count,inlink_count,total_degree,is_orphan
difference_between_snowflake_to_hadoop,3,0,3,True
model_evaluation,5,15,20,False
model_evaluation_vs_model_optimisation,2,0,2,True
web_map_tile_service_(wmts),1,2,3,False
bertscore,0,1,1,False
grouped_plots,2,1,3,False
soft_skills_&_self-development,0,1,1,False
memory,3,4,7,False
mean_squared_error,0,3,3,False
xavier,0,1,1,False
fastapi,3,4,7,False
cross_entropy_single.py,0,1,1,False
model_ensemble,7,16,23,False
fastapi_example.py,0,1,1,False
cross_entropy,7,8,15,False
vacuum,0,1,1,False
testing_unittest.py,1,1,2,False
what_is_the_role_of_gradient-based_optimization_in_training_deep_learning_models._,0,1,1,False
functional_programming,0,1,1,False
security_vulnerabilities,6,4,10,False
why_is_the_central_limit_theorem_important_when_working_with_small_sample_sizes,4,1,5,False
linear_regression,10,14,24,False
semantic_relationships,3,9,12,False
parsimonious,2,1,3,False
looker_studio,4,1,5,False
logical_model,0,1,1,False
elo_rating_system,0,1,1,False
confusion_matrix,9,4,13,False
heatmap,4,5,9,False
pandas_join_vs_merge,1,1,2,False
exploration_vs._exploitation,1,2,3,False
relational_database,0,1,1,False
pasted_image_20250323081619.png,0,1,1,False
data_lake,2,5,7,False
testing,8,4,12,False
notebooklm,2,1,3,False
feedback_template,0,1,1,False
pandas_stack.py,0,1,1,False
data_synthesis:,0,1,1,False
data_modelling,5,2,7,False
positional_encoding,0,1,1,False
master_data_management,4,2,6,False
prompt_extracting_information_from_blog_posts,0,0,0,True
python_click,2,0,2,True
bagging,3,4,7,False
oltp,0,2,2,False
data_pipeline_to_data_products,2,2,4,False
thinking_systems,2,0,2,True
how_does_the_choice_of_training_data_affect_the_performance_of_ner_models,0,1,1,False
ordinary_least_squares,3,3,6,False
pasted_image_20240128194716.png,0,1,1,False
cross_entropy_net.py,0,1,1,False
pd.grouper,2,0,2,True
factor_analysis,4,0,4,True
education_and_training,0,1,1,False
pasted_image_20240916075439.png,0,1,1,False
z-test,2,2,4,False
how_businesses_use_gen_ai,2,0,2,True
utilities,0,0,0,True
streamlit.io,0,2,2,False
requirements.txt,0,1,1,False
grok,0,1,1,False
prediction_intervals,0,1,1,False
ridge,8,8,16,False
justfile,0,1,1,False
k-nearest_neighbours,4,6,10,False
compute_efficent_frontier,0,1,1,False
momentum,7,2,9,False
sampling,0,1,1,False
xgboost,10,7,17,False
roc_curve.py,0,1,1,False
graph_view,0,1,1,False
linearity,0,2,2,False
google_cloud_platform,6,0,6,True
pycaret,7,1,8,False
in_ner_how_would_you_handle_ambiguous_entities,0,1,1,False
altair_versus_seaborn,1,0,1,True
ts_anomaly_detection.py,0,1,1,False
gradio,1,1,2,False
apoc_procedures,0,1,1,False
clustering,11,20,31,False
learning_rate,6,13,19,False
1-on-1_template,0,1,1,False
gru,0,2,2,False
apache_kafka,5,4,9,False
support_vector_classifier_(svc),1,0,1,True
quartz,3,1,4,False
markov_chain,0,2,2,False
storage_layer_object_store\,0,1,1,False
implementing_database_schema,2,1,3,False
pasted_image_20241224082847.png,0,1,1,False
naive_bayes,7,5,12,False
data_validation,4,3,7,False
pasted_image_20240116210541.png,0,1,1,False
optimisation_techniques,8,8,16,False
forward_propagation,3,2,5,False
continuous,0,1,1,False
estimator,0,3,3,False
sql_injection,2,5,7,False
agentic_solutions,4,3,7,False
difference_between_databricks_vs._snowflake,0,0,0,True
handling_missing_data.ipynb,0,1,1,False
tool.bandit,4,2,6,False
oltp_(online_transactional_processing),0,0,0,True
binary_classification,6,9,15,False
cron_jobs,0,0,0,True
generative_agents_-_interactive_simulacra_of_human_behavior,0,1,1,False
data_product,1,1,2,False
gaussian_mixture_model_implementation.py,0,1,1,False
k-means,6,9,15,False
transfer_learning.py,1,1,2,False
filter_methods,4,1,5,False
energy,11,3,14,False
call_summarisation,0,1,1,False
validation_data,0,2,2,False
logistic_regression_in_sklearn_&_gradient_descent,2,0,2,True
melt,9,0,9,True
data_contract,5,2,7,False
primary_key,0,1,1,False
claude,0,0,0,True
**google_apps_script**,0,1,1,False
catboost,3,3,6,False
clustermap,2,0,2,True
pdoc,1,2,3,False
olap_(online_analytical_processing),1,1,2,False
terminal_commands,0,0,0,True
columnar_storage,1,6,7,False
pyright,5,2,7,False
kfold_cross_validation.py,0,1,1,False
nosql,0,3,3,False
git,1,3,4,False
assumption_of_normality,0,2,2,False
standardisation,7,7,14,False
active_learning,1,0,1,True
key_differences_of_web_feature_server_(wfs)_and_web_feature_server_(wfs),2,1,3,False
etl,7,7,14,False
model_preparation,0,0,0,True
hypothesis_testing,4,9,13,False
tool.uv,2,2,4,False
learning_curve,3,1,4,False
conceptual_data_model,0,1,1,False
correlation,8,11,19,False
"'var1',_'target'",0,1,1,False
parquet,7,1,8,False
spacy,0,2,2,False
explain_the_curse_of_dimensionality,8,1,9,False
one_hot_encoding.py,0,1,1,False
cleaning_terminal_path,0,0,0,True
polynomial_regression,0,1,1,False
feed_forward_neural_network,7,3,10,False
pca_explained_variance_ratio,2,2,4,False
datasets,1,5,6,False
stemming,0,1,1,False
groupby_vs_crosstab,3,1,4,False
hosting,1,0,1,True
f1_score,3,4,7,False
optimising_a_logistic_regression_model,8,0,8,True
tableau,2,3,5,False
dependency_manager,4,1,5,False
nlp,12,17,29,False
databricks,7,4,11,False
precision-recall_curve,11,2,13,False
continuous_delivery_-_deployment,1,0,1,True
concatenate,0,1,1,False
boxplot,3,4,7,False
publish_and_subscribe,6,2,8,False
poisson,0,1,1,False
"'order_id',_'order_date',_'customer_id',_'amount'",0,1,1,False
pasted_image_20241224091151.png,0,1,1,False
views,7,1,8,False
software_design_patterns,2,0,2,True
software_development_life_cycle,1,4,5,False
gan,0,1,1,False
explainability,0,1,1,False
multi-head_attention,1,2,3,False
obsidian_epiqlato5w.png,0,1,1,False
structuring_and_organizing_data,2,1,3,False
typical_output_formats_in_neural_networks,7,0,7,True
ipynb,2,1,3,False
smss,0,0,0,True
query_plan,1,1,2,False
pasted_image_20241017072233.png,0,1,1,False
one_hot_encoding,0,1,1,False
pasted_image_20241204203338.png,0,1,1,False
semi-structured_data,3,0,3,True
model_performance,0,1,1,False
pasted_image_20240116184108.png,0,1,1,False
data_quality,4,22,26,False
data_orchestration,1,0,1,True
communication_principles,2,0,2,True
outliers,6,3,9,False
data_transformation_in_machine_learning,2,1,3,False
flask,2,3,5,False
feature_distribution.py,0,1,1,False
epub,0,0,0,True
validation,0,1,1,False
"explain_different_gradient_descent_algorithms,_their_advantages,_and_limitations.",0,1,1,False
data_integration,2,2,4,False
npy_files_a_numpy_array_storage,0,0,0,True
data_reduction,3,1,4,False
gradient_descent#,0,1,1,False
intrinsic_dimension_of_natural_language,0,1,1,False
in-memory_format,0,0,0,True
pasted_image_20241017072732.png,0,1,1,False
data_engineering_portal,9,1,10,False
sql_window_functions,2,1,3,False
pasted_image_20250312064809.png,0,1,1,False
s3_bucket,0,2,2,False
crud,0,4,4,False
keras,0,4,4,False
anomaly_detection,16,6,22,False
word2vec,7,2,9,False
pasted_image_20240921154214.png,0,1,1,False
regression_logistic_metrics.ipynb,0,1,1,False
database_index,5,5,10,False
big_data,6,5,11,False
parametric_vs_nonparametric_models,0,1,1,False
vector_embedding,18,6,24,False
ai_engineer,4,0,4,True
time_series,4,7,11,False
click_implementation.py,0,1,1,False
pasted_image_20241204203413.png,0,1,1,False
data_transformation_with_pandas,11,1,12,False
pasted_image_20240128193838.png,0,1,1,False
smart_grids,1,1,2,False
hallucinating,0,1,1,False
why_json_is_better_than_pickle_for_untrusted_data,4,1,5,False
handling_missing_data_basic.ipynb,0,1,1,False
data_science,3,0,3,True
json_to_sqlite,1,0,1,True
pasted_image_20241231172403.png,0,1,1,False
accessibility,0,1,1,False
t-test,4,3,7,False
pasted_image_20240910072458.png,0,1,1,False
cloud_providers,6,3,9,False
likelihood_ratio,0,1,1,False
neomodel,5,1,6,False
jupytext,0,0,0,True
tidyverse,0,1,1,False
edge_computing,0,1,1,False
attention_is_all_you_need,0,1,1,False
pdp_and_ice,3,0,3,True
type_checking,0,3,3,False
jobs_to_be_done,1,0,1,True
parallelism,0,1,1,False
pasted_image_20241224091007.png,0,1,1,False
pasted_image_20250220133838.png,0,1,1,False
pasted_image_20241006124829.png,0,1,1,False
snowflake,2,2,4,False
debugging_ipynb,0,0,0,True
lambdas,0,2,2,False
event_driven_microservices,3,2,5,False
bigquery,2,2,4,False
local_interpretable_model-agnostic_explanations,0,3,3,False
cost-efficiency,0,1,1,False
longformer,0,1,1,False
nbconvert,0,1,1,False
metric,2,2,4,False
sklearn_pipeline,0,1,1,False
webpages_relevant,1,0,1,True
activation_atlases,0,1,1,False
cost_function,9,9,18,False
scipy,0,0,0,True
"projects,_habits_&_learning",0,1,1,False
event_driven_events,5,3,8,False
maintainability,0,1,1,False
word2vec.py,4,1,5,False
deep_q-learning,4,1,5,False
normalisation_of_text,4,2,6,False
normalisation_of_data,3,3,6,False
parametric_vs_non-parametric_models,5,1,6,False
eda_pandas.py,0,1,1,False
choosing_a_threshold,3,1,4,False
class_separability,4,0,4,True
firebase,1,0,1,True
cuda,1,0,1,True
data_engineering,5,3,8,False
kmeans_vs_gmm,3,1,4,False
recursive_algorithm,0,3,3,False
synapse,0,1,1,False
tokenisation,1,3,4,False
cross_entropy_loss,0,1,1,False
directory_structure,0,0,0,True
neural_network,10,27,37,False
data_ingestion,11,6,17,False
silhouette_analysis,3,1,4,False
asking_questions,3,1,4,False
policy,5,3,8,False
sequence_diagram,0,1,1,False
feature_evaluation,0,0,0,True
lightgbm,1,4,5,False
use_of_rnns_in_energy_sector,4,1,5,False
database_storage,4,0,4,True
bag_of_words,3,4,7,False
multidimensional_scaling,0,1,1,False
optuna,5,0,5,True
addressing_multicollinearity,7,1,8,False
normalised_schema,2,7,9,False
powerquery,1,0,1,True
pytest,0,4,4,False
type_1_error_and_power,0,1,1,False
ngrams,2,3,5,False
rag,9,8,17,False
dropout,3,1,4,False
hugging_face,1,1,2,False
deleting_rows_or_filling_them_with_the_mean_is_not_always_best_,0,1,1,False
langchain,4,1,5,False
hierarchical_clustering,0,1,1,False
weak_learners,4,2,6,False
numpy,0,2,2,False
interpretability,0,31,31,False
crosstab,1,2,3,False
data_terms,0,0,0,True
cron_jobs_,0,1,1,False
ml,0,1,1,False
turning_a_flat_file_into_a_database,3,3,6,False
input_is_not_properly_sanitized,1,1,2,False
pandas,5,3,8,False
grammar_method,0,1,1,False
expectation_maximisation_algorithm,0,1,1,False
apache_spark,1,10,11,False
querying,3,18,21,False
everything,0,0,0,True
reward_function,1,1,2,False
machine_learning_algorithms,24,8,32,False
forecasting_autoarima.py,4,4,8,False
database_schema,7,9,16,False
page_rank,0,1,1,False
kaggle_abalone_regression_example,2,0,2,True
nltk,0,3,3,False
ai_agents_memory,2,0,2,True
bert,10,9,19,False
gaussian_mixture_models,10,4,14,False
label_encoding,0,1,1,False
labelling_data,0,0,0,True
pasted_image_20240116205937.png,0,1,1,False
bandit_example_nonfixed.py,0,2,2,False
data_lineage,1,3,4,False
gini_impurity_vs_cross_entropy,3,1,4,False
embeddings_for_oov_words,4,2,6,False
data_pipeline,8,6,14,False
generative_ai_from_theory_to_practice,12,0,12,True
batch_files,0,1,1,False
pasted_image_20241230200255.png,0,1,1,False
pytorch_vs_tensorflow,3,1,4,False
dataview,0,1,1,False
differentation,0,0,0,True
svd,0,1,1,False
data_analysis,6,10,16,False
dimensionality_reduction,6,18,24,False
probability_in_other_fields,0,0,0,True
distributed_computing,8,3,11,False
why_use_er_diagrams,5,2,7,False
manifold_learning,2,3,5,False
load_balancing,0,1,1,False
command_line,4,0,4,True
training_data,0,2,2,False
parametric_tests_,0,1,1,False
feature_selection,15,19,34,False
excel_&_sheets,2,0,2,True
roc_(receiver_operating_characteristic),5,5,10,False
sharepoint,1,0,1,True
real-time_processing,0,1,1,False
unsupervised_learning,9,7,16,False
merge,0,2,2,False
algorithms,3,3,6,False
knowledge_graph_vs_rag_setup,4,0,4,True
how_can_prompt_engineering_be_integrated_into_existing_nlp_workflows_to_enhance_performance,0,1,1,False
dbscan,3,4,7,False
energy_storage,0,1,1,False
data_roles,11,1,12,False
logistic_regression,13,13,26,False
standard_deviation,4,3,7,False
johnson–lindenstrauss_lemma,1,2,3,False
web_feature_server_(wfs),1,2,3,False
checksum,3,1,4,False
queries,0,4,4,False
pasted_image_20250126135722.png,0,1,1,False
generative_adversarial_networks,0,1,1,False
jinja_template,5,1,6,False
tags,0,0,0,True
why_does_label_encoding_give_different_predictions_from_one-hot_encoding,0,1,1,False
feature_engineering,2,8,10,False
data_cleansing,7,8,15,False
model_robustness,0,1,1,False
how_do_we_choose_the_right_activation_function,0,1,1,False
pasted_image_20241017074030.png,0,1,1,False
postman,1,0,1,True
duckdb_in_python,0,1,1,False
untitled,0,0,0,True
pasted_image_20241216204925.png,0,1,1,False
neural_network_classification,9,0,9,True
neural_network_in_practice,4,1,5,False
pasted_image_20240928194559.png,0,1,1,False
regression,11,16,27,False
knowledge_work,1,1,2,False
strongly_vs_weakly_typed_language,2,0,2,True
lbfgs,5,0,5,True
scaling_server,0,1,1,False
usability,0,1,1,False
.net,0,1,1,False
docker,1,1,2,False
simplicity,0,1,1,False
stored_procedures,0,1,1,False
ts_anomaly_detection,0,0,0,True
data_transformation,11,15,26,False
model_parameters,9,20,29,False
forecasting_baseline.py,0,1,1,False
pasted_image_20240922202345.png,0,1,1,False
extraction,0,1,1,False
types_of_computational_bugs,1,2,3,False
lstm,12,8,20,False
kernelling,2,2,4,False
elastic_net,2,1,3,False
interoperable,0,1,1,False
building_in_public_&_visibility,0,1,1,False
xaiver,3,2,5,False
distillation,2,3,5,False
pasted_image_20241224091157.png,0,1,1,False
vanishing_and_exploding_gradients_problem,7,10,17,False
bash_folder,0,1,1,False
pasted_image_20241006124735.png,0,1,1,False
prediction,0,1,1,False
standardised/gsheets,0,3,3,False
adaptive_learning_rates,3,1,4,False
roc_pr_example.py,0,1,1,False
pmdarima,3,1,4,False
soft_deletion,4,2,6,False
hadoop,4,6,10,False
seaborn,2,0,2,True
interoperability,0,3,3,False
gradient_descent,15,24,39,False
structured_data,4,5,9,False
bert_pretraining_of_deep_bidirectional_transformers_for_language_understanding,0,1,1,False
pasted_image_20250317093551.png,0,1,1,False
exploitation,0,1,1,False
node.js,0,1,1,False
pasted_image_20250427072645.png,0,1,1,False
python,1,5,6,False
imbalanced_datasets_smote.py,7,1,8,False
part_of_speech_tagging,0,1,1,False
pasted_image_20241219073017.png,0,1,1,False
snowflake_schema,2,1,3,False
pasted_image_20241224083928.png,0,1,1,False
unittest,0,1,1,False
scaling_agentic_systems,3,0,3,True
random_forest_regression,0,1,1,False
object-oriented_programming,0,1,1,False
technical_debt,0,0,0,True
gini_impurity,3,3,6,False
api,4,7,11,False
pasted_image_20250402212849.png,0,1,1,False
untitled_4,4,0,4,True
communication_techniques,0,0,0,True
graph_query_language,4,1,5,False
oracle,0,1,1,False
feature_selection_and_creation,2,0,2,True
standardised/outliers,0,14,14,False
data_warehouse,5,11,16,False
pull_request_template,0,1,1,False
grep,1,0,1,True
vectorized_engine,2,1,3,False
graph_analysis_plugin,0,1,1,False
foreign_key,0,2,2,False
momentum.py,0,1,1,False
gated_recurrent_unit,0,1,1,False
query_gsheets,1,1,2,False
azure,0,1,1,False
pasted_image_20250113072251.png,0,1,1,False
adjusted_r_squared,3,4,7,False
testing_pytest.py,3,2,5,False
llm_evaluation_metrics,2,2,4,False
recall,3,10,13,False
proportion_test,0,1,1,False
single_source_of_truth,5,3,8,False
memory_caching,0,1,1,False
hyperparameter_tuning,8,7,15,False
reformer,0,1,1,False
backpropagation,10,7,17,False
multivariate_data,0,1,1,False
bradley-terry_model,0,1,1,False
regularisation,12,14,26,False
why_type_1_and_type_2_matter,1,1,2,False
feature_selection_vs_feature_importance,3,1,4,False
named_entity_recognition,8,3,11,False
text2cypher,4,2,6,False
mixture_of_experts,0,1,1,False
z-normalisation,6,3,9,False
indexing_in_cypher,1,1,2,False
data_factory,0,1,1,False
data_security,6,8,14,False
recommender_systems,0,3,3,False
networkx,0,1,1,False
pasted_image_20241219073440.png,0,1,1,False
code_diagrams,5,0,5,True
"'customer_id',_'customer_name',_'contact_name',_'country'",0,1,1,False
data_asset,0,1,1,False
software_development_portal,9,2,11,False
windows_subsystem_for_linux,3,2,5,False
cosine_similarity,3,3,6,False
aws,0,1,1,False
dimensions,2,1,3,False
pasted_image_20241012152141.png,0,1,1,False
feature_scaling,9,3,12,False
model_deployment,10,3,13,False
handling_missing_data,5,4,9,False
symbolic_computation,2,0,2,True
pandas_common.py,0,2,2,False
epoch,0,0,0,True
data_literacy,0,0,0,True
ds_&_ml_portal,62,2,64,False
pyspark,4,1,5,False
hyperparameter_tuning_gridsearchcv.py,0,1,1,False
gis,4,3,7,False
obsidian_m4mzgsax7d.png,0,1,1,False
standardised/vector_embedding,0,3,3,False
"'var1',_'var2',_'var3'",0,1,1,False
statistical_assumptions,6,3,9,False
prompt_retrievers,0,1,1,False
honkit,0,0,0,True
streamlit,0,0,0,True
flexibility,0,1,1,False
unstructured_data,1,3,4,False
evaluating_language_models,5,0,5,True
imperative,0,0,0,True
converting_categorical_variables_to_a_dummy_indicators,0,0,0,True
amazon_s3,0,3,3,False
dataops,0,1,1,False
fabric,11,0,11,True
computer_science,1,0,1,True
batch_normalisation,5,2,7,False
linux,0,2,2,False
many-to-many_relationships,1,3,4,False
vim,0,1,1,False
regularisation_of_tree_based_models,5,1,6,False
tool.ruff,2,2,4,False
lambda_architecture,3,0,3,True
model_selection,7,9,16,False
language_models,2,7,9,False
experiment_plan_template,0,1,1,False
normalisation,10,6,16,False
data_selection,2,4,6,False
database_management_system_(dbms),6,5,11,False
docker_image,0,1,1,False
precision,5,8,13,False
incremental_synchronization,0,1,1,False
design_pattern,0,1,1,False
covariance,2,4,6,False
what_are_the_challenges_of_ner_in_multilingual_contexts,0,1,1,False
cloud,0,2,2,False
language_models_large_(llms)_vs_small_(slms),2,0,2,True
parametric_vs_non-parametric_tests,3,1,4,False
mini-batch_gradient_descent,0,1,1,False
when_and_why_not_to_us_regularisation,2,1,3,False
sql_vs_nosql,1,0,1,True
anomaly_detection_in_time_series,5,1,6,False
small_language_models,11,4,15,False
data_integrity,4,11,15,False
batch_gradient_descent,0,1,1,False
javascript,0,5,5,False
comparing_ensembles.py,1,1,2,False
gridseachcv,3,4,7,False
map_reduce,5,0,5,True
yaml,1,1,2,False
differential_equations,0,1,1,False
documentation_&_meetings,12,10,22,False
model_optimisation,6,7,13,False
reinforcement_learning,9,12,21,False
debugging.py,0,1,1,False
tensorflow,3,4,7,False
what_can_abm_solve_within_the_energy_sector,1,0,1,True
ada_boosting,3,1,4,False
text_classification,0,1,1,False
json,0,11,11,False
gitlab-ci.yml,0,0,0,True
industries_of_interest,7,0,7,True
java,0,3,3,False
schema_evolution,3,1,4,False
pyright_vs_pydantic,4,0,4,True
pasted_image_20241230202826.png,0,1,1,False
ab_testing,0,0,0,True
f-statistic,0,1,1,False
gradient_descent_optimizers,0,1,1,False
deepseek,6,0,6,True
pasted_image_20250130074219.png,0,1,1,False
pasted_image_20241015211844.png,0,2,2,False
how_to_reduce_the_need_for_gen_ai_responses,3,0,3,True
pasted_image_20250427083434.png,0,1,1,False
demand_forecasting,1,2,3,False
aggregation,3,2,5,False
wcss_and_elbow_method,1,2,3,False
methods_for_handling_outliers,0,1,1,False
multi-level_index,5,5,10,False
latency,0,3,3,False
mongodb,0,2,2,False
variability_in_linear_models,1,1,2,False
availability,0,1,1,False
debugging,10,3,13,False
why_removing_outliers_may_improve_regression_but_harm_classification,5,1,6,False
databricks_vs_snowflake,3,1,4,False
fishbone_diagram,2,0,2,True
gradient_descent_in_linear_regression,3,1,4,False
classes,0,1,1,False
quicksort,1,0,1,True
r,0,1,1,False
prevention_is_better_than_the_cure,3,1,4,False
central_limit_theorem,2,4,6,False
generative_ai,0,5,5,False
groupby,3,7,10,False
standardised/firebase,0,1,1,False
classification,10,21,31,False
how_do_we_evaluate_of_llm_outputs,4,1,5,False
de_tools,0,23,23,False
variance,2,9,11,False
etl_vs_elt,1,3,4,False
how_to_search_within_a_graph,6,3,9,False
rest_api,2,2,4,False
what_is_the_difference_between_odds_and_probability,0,1,1,False
data_streaming,5,6,11,False
regression_metrics,5,4,9,False
what_algorithms_or_models_are_used_within_the_energy_sector,0,1,1,False
uml,0,0,0,True
data_archive,0,1,1,False
kernel_density_estimation,0,1,1,False
event_driven,4,0,4,True
isolation_forest,0,1,1,False
directed_acyclic_graph_(dag),3,3,6,False
comparing_llm,1,0,1,True
dummy_variable_trap,2,2,4,False
virtual_environments,1,2,3,False
er_diagrams,2,6,8,False
llm,12,21,33,False
bellman_equations,1,2,3,False
data_selection_in_ml,10,1,11,False
sklearn,2,7,9,False
similarity_search,0,2,2,False
graph_neural_network,2,0,2,True
pasted_image_20240128194244.png,0,1,1,False
information_theory,0,2,2,False
t-sne,5,3,8,False
latent_dirichlet_allocation,3,0,3,True
how_llms_store_facts,6,0,6,True
topic_modeling,0,1,1,False
metadata_handling,0,1,1,False
pandas_pivot_table,1,2,3,False
what_are_the_bellman_equations_that_are_used_in_rl?,0,1,1,False
security_mitigation,0,1,1,False
anomaly_detection_with_clustering,5,2,7,False
pasted_image_20250312162034.png,0,1,1,False
what_are_the_best_practices_for_evaluating_the_effectiveness_of_different_prompts,0,2,2,False
how_is_reinforcement_learning_being_combined_with_deep_learning,2,0,2,True
interpreting_logistic_regression_model_parameters,1,1,2,False
change_management,0,3,3,False
non-parametric_tests,0,0,0,True
technical_design_doc_template,0,1,1,False
graphrag_the_marriage_of_knowledge_graphs_and_rag,0,1,1,False
gpu,0,1,1,False
decision_tree,13,17,30,False
scala,4,2,6,False
mathematica,0,1,1,False
fitting_weights_and_biases_of_a_neural_network,15,1,16,False
pasted_image_20240117145455_1.png,0,1,1,False
rollup,2,1,3,False
lemmatization,0,2,2,False
monolith_architecture,2,1,3,False
prompting,2,5,7,False
pasted_image_20241217204829.png,0,1,1,False
granularity,7,5,12,False
relu,1,2,3,False
how_to_normalise_a_merged_table,1,3,4,False
how_do_you_do_the_data_selection,2,1,3,False
sqlite_studio,0,1,1,False
master_observability_datadog,1,1,2,False
initialization_methods,6,3,9,False
ci-cd,5,2,7,False
data_lifecycle_management,9,3,12,False
gpt-f,0,1,1,False
pasted_image_20240128193726.png,0,1,1,False
gartner_hype_cycle,1,0,1,True
interquartile_range_(iqr)_detection,1,1,2,False
transactional_journeys,0,2,2,False
graph_theory_community,0,1,1,False
concurrency,1,3,4,False
data_hierarchy_of_needs,1,0,1,True
devops,3,3,6,False
data_engineer,7,4,11,False
mysql,0,5,5,False
pasted_image_20241231172749.png,0,1,1,False
eda,10,7,17,False
hyperparameter,5,19,24,False
data_virtualization,1,2,3,False
"""domains"",""country"",""web_pages"",""name""",0,1,1,False
tf-idf,7,5,12,False
uniform,0,1,1,False
one-hot_encoding,5,2,7,False
model-agnostic_feature_importance,4,0,4,True
pasted_image_20240404154526.png,0,1,1,False
search,0,1,1,False
ai_governance,1,0,1,True
evaluation_metrics.py,0,2,2,False
transformer,9,12,21,False
postmortem_template,0,1,1,False
r-squared_metric_not_always_a_good_indicator_of_model_performance_in_regression,2,1,3,False
data_visualisation,3,11,14,False
sql_groupby,3,1,4,False
pasted_image_20241017073743.png,0,1,1,False
stochastic_gradient_descent,1,5,6,False
wordnet,0,1,1,False
rnn,0,1,1,False
conceptual_model,1,1,2,False
pca_analysis.ipynb,1,2,3,False
prefect,0,2,2,False
bag_of_words.py,0,1,1,False
sentence_similarity,1,1,2,False
mean_absolute_error,0,0,0,True
model_interpretability,5,2,7,False
random_search,0,1,1,False
pdf++,0,0,0,True
data_management,8,14,22,False
pasted_image_20250427074650.png,0,1,1,False
declarative,4,3,7,False
attack_types,1,1,2,False
gitlab,1,1,2,False
why_is_named_entity_recognition_(ner)_a_challenging_task,0,1,1,False
linear_discriminant_analysis,0,2,2,False
apache_flink,0,1,1,False
ml_tools,0,50,50,False
t-sql,0,1,1,False
pasted_image_20241015211424.png,0,1,1,False
plotly,0,3,3,False
postgresql,3,7,10,False
deleting_rows_or_filling_them_with_the_mean_is_not_always_best,0,0,0,True
microservices,0,3,3,False
relating_tables_together,6,2,8,False
mle,0,1,1,False
loss_function,8,24,32,False
proportional_hazard_model,0,1,1,False
parametric_tests,0,0,0,True
data_compatibility,0,1,1,False
software_architecture,0,3,3,False
slowly_changing_dimension,3,0,3,True
data_lakehouse,4,2,6,False
anthropic,0,1,1,False
how_to_use_sklearn_pipeline,0,0,0,True
scheduled_tasks,2,0,2,True
why_and_when_is_feature_scaling_necessary,5,0,5,True
data_observability,4,8,12,False
agent-based_modelling,7,5,12,False
programming_languages,0,0,0,True
semantic_search,1,2,3,False
monte_carlo_simulation,0,1,1,False
business_intelligence,2,3,5,False
maintainable_code,3,1,4,False
career_interest,0,0,0,True
use_cases_for_a_simple_neural_network_like,4,1,5,False
rl,0,1,1,False
cryptography,4,0,4,True
handling_different_distributions,7,2,9,False
network_design,0,1,1,False
handwritten_digit_classification,1,1,2,False
java_vs_javascript,2,0,2,True
dendrograms,2,4,6,False
dimension_table,4,5,9,False
smote_(synthetic_minority_over-sampling_technique),0,2,2,False
p_values,1,3,4,False
immutable_vs_mutable,1,1,2,False
current_challenges_within_the_energy_sector,1,1,2,False
performance_drift,3,4,7,False
random_forests,7,13,20,False
data_engineering_tools,8,3,11,False
meeting_notes_template,0,1,1,False
automated_feature_creation,3,1,4,False
factor_analysis.py,0,1,1,False
pasted_image_20240524130607.png,0,1,1,False
olap,0,1,1,False
typescript,0,2,2,False
how_would_you_decide_between_using_tf-idf_and_word2vec_for_text_vectorization,0,1,1,False
parametric,0,1,1,False
view_use_case,0,1,1,False
speed,0,1,1,False
vectorisation,3,0,3,True
determining_threshold_values,7,0,7,True
model_cascading,0,1,1,False
why_does_increasing_the_number_of_models_in_a_ensemble_not_necessarily_improve_the_accuracy,1,0,1,True
scientific_method,2,3,5,False
interview_notepad,6,0,6,True
pasted_image_20241216202825.png,0,1,1,False
embedded_methods,12,1,13,False
cross_entropy.py,2,1,3,False
covering_index,1,1,2,False
source_of_truth,0,1,1,False
cost-sensitive_analysis,1,3,4,False
sparsecategorialcrossentropy_or_categoricalcrossentropy,4,1,5,False
pasted_image_20240524131603.png,0,1,1,False
elt,4,4,8,False
slm,0,1,1,False
high_cross_validation_accuracy_is_not_directly_proportional_to_performance_on_unseen_test_data,7,0,7,True
statistical_tests,8,2,10,False
univariate_vs_multivariate,0,1,1,False
k_means.py,0,1,1,False
forecasting_exponential_smoothing.py,3,1,4,False
language_model_output_optimisation,4,0,4,True
categorical,0,3,3,False
interpretability\,0,1,1,False
how_to_model_to_improve_demand_forecasting,0,1,1,False
semantic_layer,4,1,5,False
data_governance,1,6,7,False
microsoft,0,2,2,False
time-series_data,0,1,1,False
toml,4,4,8,False
general_linear_regression,3,0,3,True
distributions,13,24,37,False
arima,5,2,7,False
sci-kit_learn,0,1,1,False
recurrent_neural_networks,13,9,22,False
machine_learning_operations,3,1,4,False
cypher,4,3,7,False
spreadsheets_vs_databases,2,2,4,False
anova,0,3,3,False
pasted_image_20250329081752.png,0,1,1,False
regularisation.py,0,1,1,False
retrospective_template,0,1,1,False
gaussian_distribution,1,3,4,False
obsidian_csp0fnavd1.png,0,1,1,False
convolutional_neural_networks,4,1,5,False
jevon_paradox,0,1,1,False
sqlalchemy,11,2,13,False
environment_variables,0,0,0,True
bandit_example_output,3,1,4,False
attack_mitigation,0,2,2,False
transfer_learning,7,5,12,False
exploration,0,1,1,False
imputation_techniques,2,1,3,False
optimising_neural_networks,2,1,3,False
push-down,1,0,1,True
interpretable_decision_trees,0,1,1,False
model_validation,3,2,5,False
data_leakage,0,3,3,False
how_is_schema_evolution_done_in_practice_with_sql,0,0,0,True
stacking,2,2,4,False
pasted_image_20241219071120.png,0,1,1,False
multi-agent_reinforcement_learning,0,1,1,False
feature_extraction,4,1,5,False
imbalanced_datasets,13,11,24,False
transformed_target_regressor,1,0,1,True
addressing_multicollinearity.py,0,1,1,False
pasted_image_20241005170237.png,0,1,1,False
activation_function,6,3,9,False
classification_report,6,1,7,False
excel_pivot_table,0,1,1,False
neo4j,5,5,10,False
duckdb_vs_sqlite,4,1,5,False
pasted_image_20250323081817.png,0,1,1,False
benefits_of_data_transformation,3,1,4,False
xml,0,2,2,False
ml_engineer,0,1,1,False
data_audit,0,1,1,False
get_data,0,0,0,True
energy_abm,1,1,2,False
adaptive_decision_analysis,0,1,1,False
data_principles,8,0,8,True
non-parametric,0,2,2,False
summarisation,2,2,4,False
google,0,3,3,False
folder_tree_diagram,0,0,0,True
multinomial_naive_bayes,0,1,1,False
makefile,0,1,1,False
entropy_of_natural_language,0,1,1,False
sql_joins,2,3,5,False
one_pager_template,0,1,1,False
types_of_database_schema,5,1,6,False
data_mining_-_crisp,1,0,1,True
pasted_image_20240922202938.png,0,1,1,False
caching,0,1,1,False
data_analysis_portal,2,0,2,True
grain,1,1,2,False
data_archive_graph_analysis,3,0,3,True
data_scientist,1,1,2,False
powershell_versus_cmd,2,0,2,True
row-based_storage,3,1,4,False
pca-based_anomaly_detection,2,2,4,False
design_thinking_questions,0,1,1,False
powershell,3,4,7,False
vector_embedding.py,0,1,1,False
over_parameterised_models,1,1,2,False
wikipedia_api.py,0,2,2,False
sarsa,1,2,3,False
non-parametric_tests_,0,1,1,False
pasted_image_20241015211934.png,0,1,1,False
vercel,0,0,0,True
lasso,1,4,5,False
pasted_image_20240916075433.png,0,1,1,False
adding_a_database_to_postgresql,0,1,1,False
loss_versus_cost_function,4,2,6,False
pasted_image_20241231142918.png,0,1,1,False
categorical_data,0,1,1,False
preprocessing,9,16,25,False
pasted_image_20240116211130.png,0,1,1,False
etlt,0,0,0,True
accuracy,3,10,13,False
pasted_image_20240120215414.png,0,1,1,False
resolution_limited_scaling,0,1,1,False
gradient_boosting,14,7,21,False
ubuntu,1,1,2,False
optimisation_function,5,7,12,False
pycaret_anomaly.ipynb,0,1,1,False
what_algorithms_or_models_are_used_within_the_telecommunication_sector,0,1,1,False
encoding_categorical_variables,3,2,5,False
_pasted_image_20240112101344.png,0,1,1,False
dashboarding,2,1,3,False
gsheets,1,0,1,True
continuous_integration,0,3,3,False
pasted_image_20241216202917.png,0,1,1,False
data_architect,0,1,1,False
fasttext,0,1,1,False
mnist,1,1,2,False
gaussian_naive_bayes,0,1,1,False
fact_table,7,6,13,False
pickle,0,1,1,False
dash,3,1,4,False
data_transformation_in_data_engineering,4,1,5,False
q-q_plot,1,2,3,False
wrapper_methods,3,2,5,False
z-scores_vs_prediction_intervals,2,0,2,True
duckdb,7,2,9,False
retriever,0,1,1,False
pasted_image_20241004074458.png,0,1,1,False
reasoning_tokens,1,0,1,True
chi-squared_test,0,1,1,False
pytorch,13,8,21,False
multicollinearity,6,10,16,False
bash,2,3,5,False
specificity,0,3,3,False
machine_learning,1,2,3,False
standardised/optuna,0,3,3,False
pasted_image_20240922201606.png,0,1,1,False
data_request_template,0,1,1,False
binder,0,0,0,True
data_storage,15,8,23,False
data_steward,3,2,5,False
inference,1,3,4,False
batch_processing,4,8,12,False
facts,1,5,6,False
boosting,6,5,11,False
unix,0,1,1,False
time_series_forecasting,6,4,10,False
pasted_image_20241217073706.png,0,1,1,False
business_value_of_anomaly_detection,1,1,2,False
supervised_learning,9,11,20,False
performance,0,1,1,False
maximum_likelihood_estimation,4,2,6,False
stackbiz,0,1,1,False
pasted_image_20250220133556.png,0,1,1,False
distribution_analysis.py,0,1,1,False
generative,0,2,2,False
data_analyst,9,3,12,False
sklearn_datasets,0,0,0,True
data_collection,2,3,5,False
accessing_gen_ai_generated_content,5,0,5,True
acid_transaction,1,3,4,False
faiss,7,1,8,False
logistic_regression_does_not_predict_probabilities,1,1,2,False
physical_model,0,1,1,False
transformers_vs_rnns,11,2,13,False
adam_optimizer,6,5,11,False
heterogeneous_features,1,1,2,False
pasted_image_20240124135607.png,0,1,1,False
violin_plot,1,1,2,False
choosing_the_number_of_clusters,4,1,5,False
command_prompt,2,3,5,False
storage_layer_object_store,2,0,2,True
edge_machine_learning_models,2,2,4,False
types_of_neural_networks,6,1,7,False
api_driven_microservices,3,1,4,False
deep_learning_frameworks,1,0,1,True
percentile_detection,0,1,1,False
components_of_the_database,3,2,5,False
logistic_regression_statsmodel_summary_table,4,1,5,False
b-tree,0,1,1,False
model_observability,14,4,18,False
model_building,6,3,9,False
train-dev-test_sets,10,1,11,False
query_optimisation,5,1,6,False
knowledge_graphs_with_obsidian,3,0,3,True
career_transitions_&_job_market_realism,0,1,1,False
pasted_image_20241006124356.png,0,1,1,False
univariate_data,0,1,1,False
abstraction,0,1,1,False
obsidian_fegflf5rkq.png,0,1,1,False
poetry,1,2,3,False
react,3,0,3,True
scalability,0,10,10,False
bernoulli,0,1,1,False
model_parameters_tuning,5,2,7,False
syntactic_relationships,1,1,2,False
overfitting,3,15,18,False
deep_learning,11,10,21,False
q-learning,5,3,8,False
pydantic_more.py,0,1,1,False
contrastive_decoding,0,1,1,False
business_observability,3,1,4,False
powerbi,0,4,4,False
database_techniques,9,4,13,False
mermaid,0,3,3,False
security_researcher,0,2,2,False
bandit_example_fixed.py,0,1,1,False
support_vector_machines,6,14,20,False
digital_twin,2,0,2,True
pasted_image_20240524131311.png,0,1,1,False
pandas_dataframe_agent,0,1,1,False
pruning,0,1,1,False
memoization,0,1,1,False
time_series_identify_trends_and_patterns,0,1,1,False
dimensional_modelling,9,2,11,False
clustering_dashboard.py,0,1,1,False
pydantic,10,4,14,False
digital_transformation,3,1,4,False
orthogonalization,4,0,4,True
pasted_image_20240124095916.png,0,1,1,False
auc,1,1,2,False
aws_lambda,2,0,2,True
attention_mechanism,9,9,18,False
"1.0,_2.0",0,1,1,False
pasted_image_20241219071904.png,0,1,1,False
lightgbm_vs_xgboost_vs_catboost,5,0,5,True
validation_loss,0,1,1,False
why_standardise_features,1,2,3,False
architecture_diagram,0,1,1,False
pasted_image_20241222091831.png,0,3,3,False
shapley_additive_explanations,1,4,5,False
standardised/attention_is_all_you_need,0,1,1,False
gated_recurrent_units,0,1,1,False
impact_of_multicollinearity_on_model_parameters,0,1,1,False
vector_database,9,1,10,False
etl_pipeline_example,1,1,2,False
dbt,6,6,12,False
big_o_notation,0,1,1,False
reusability,0,1,1,False
telecommunications,0,1,1,False
emergent_behavior,0,1,1,False
relationships_in_memory,4,1,5,False
pasted_image_20240127124620.png,0,1,1,False
model_parameters_vs_hyperparameters,6,2,8,False
mathematical_reasoning_in_transformers,3,2,5,False
pasted_image_20240404163858.png,0,1,1,False
mathematics,4,0,4,True
alternatives_to_batch_processing,7,1,8,False
database,13,14,27,False
race_conditions,0,1,1,False
chain_of_thought,3,4,7,False
apache_airflow,1,4,5,False
cross_validation,11,10,21,False
pca_principal_components,5,1,6,False
dagster,2,3,5,False
covariance_structures,8,2,10,False
data_drift,1,2,3,False
heatmaps_dendrograms.py,2,1,3,False
linked_list,0,0,0,True
continuous_delivery/deployment,0,1,1,False
shapefile,1,1,2,False
joining_datasets,2,2,4,False
neural_scaling_laws,14,0,14,True
gaussian_model,1,1,2,False
object_relational_mapper,1,2,3,False
pycaret_example.py,0,1,1,False
sqlite,5,7,12,False
sklearn_pipiline,0,0,0,True
data_ai_education_at_work,0,0,0,True
google_my_maps_data_extraction,1,0,1,True
binomial,0,1,1,False
evaluation_metrics,12,12,24,False
star_schema,1,5,6,False
microsoft_access,1,0,1,True
pyod,0,1,1,False
what_is_the_role_of_gradient-based_optimization_in_training_deep_learning_models.,0,0,0,True
guardrails,4,1,5,False
pasted_image_20240405173403.png,0,1,1,False
precision_or_recall,4,3,7,False
principal_component_analysis,11,11,22,False
pandas_stack,9,2,11,False
data_distribution,0,2,2,False
grep.png,0,1,1,False
mean_vs_median,1,0,1,True
powershell_vs_bash,4,1,5,False
harmonic_mean,0,1,1,False
sqlalchemy_vs._sqlite3,2,1,3,False
untitled_3,0,0,0,True
pasted_image_20241231172459.png,0,1,1,False
pasted_image_20250308191945.png,0,1,1,False
junction_tables,0,1,1,False
sympy,0,1,1,False
untitled_2,0,0,0,True
apache_spark_streaming,0,1,1,False
pasted_image_20240118145117.png,0,1,1,False
problem_definition,1,1,2,False
statistics,27,7,34,False
anomaly_detection_with_statistical_methods,7,1,8,False
normalisation_vs_standardisation,3,2,5,False
bootstrap,0,1,1,False
pydantic.py,0,1,1,False
kubernetes,0,2,2,False
lmsys,0,1,1,False
test_loss_when_evaluating_models,7,0,7,True
pasted_image_20250323083319.png,0,1,1,False
transaction,8,3,11,False
graphrag,11,7,18,False
"'var1',_'var2'",0,1,1,False
isolated_forest,7,6,13,False
onnx,0,1,1,False
support_vector_regression,1,1,2,False
pasted_image_20240118111554.png,0,1,1,False
z-score,5,2,7,False
r_squared,3,3,6,False
pca_based_anomaly_detection.py,0,1,1,False
pygraphviz,0,1,1,False
covariance_vs_correlation,2,0,2,True
learning_styles,8,0,8,True
f-regression,6,2,8,False
markov_decision_processes,1,3,4,False
casual_inference,0,1,1,False
feature_importance,9,5,14,False
correlation_vs_causation,1,2,3,False
gradient_boosting_regressor,3,0,3,True
reverse_etl,1,0,1,True
untitled_1,0,0,0,True
hash,1,2,3,False
fuzzywuzzy,1,0,1,True
pasted_image_20250312163351.png,0,1,1,False
how_to_do_git_commit_messages_properly,1,1,2,False
hyperparameters,0,1,1,False
common_table_expression,4,1,5,False
knowledge_graph,2,5,7,False
sql,3,10,13,False
event-driven_architecture,0,3,3,False
performance_dimensions,15,3,18,False
multilayer_perceptrons,0,1,1,False
why_does_the_adam_optimizer_converge,0,1,1,False
json_to_yaml,2,0,2,True
filter_method,0,3,3,False
c1_w2_lab07_featureenglecture.png,0,1,1,False
overview,0,1,1,False
confidence_interval,0,3,3,False
graph_theory,5,0,5,True
svm_example.py,0,1,1,False
stochastic_modeling,0,1,1,False
prompt_engineering,3,2,5,False
altair,5,1,6,False
bias_and_variance,4,3,7,False
inference_versus_prediction,4,1,5,False
